Magic: 0x4949 <little-endian> Version: 0x2a
Directory 0: offset 1638 (0x666) next 0 (0)
SubFileType (254) LONG (4) 1<0>
ImageWidth (256) SHORT (3) 1<11>
ImageLength (257) SHORT (3) 1<11>
BitsPerSample (258) SHORT (3) 1<8>
Compression (259) SHORT (3) 1<5>
Photometric (262) SHORT (3) 1<3>
StripOffsets (273) LONG (4) 2<1576 1618>
SamplesPerPixel (277) SHORT (3) 1<1>
RowsPerStrip (278) LONG (4) 1<8>
StripByteCounts (279) LONG (4) 2<42 20>
XResolution (282) RATIONAL (5) 1<300>
YResolution (283) RATIONAL (5) 1<300>
ResolutionUnit (296) SHORT (3) 1<2>
Predictor (317) SHORT (3) 1<1>
Colormap (320) SHORT (3) 768<0 32768 0 32768 0 32768 0 49152 49152 42496 65280 40960 32768 65280 0 65280 0 65280 0 65280 0 32768 0 32768 0 32768 0 49152 49152 42496 65280 40960 32768 65280 0 65280 0 65280 0 65280 0 32768 0 32768 0 32768 0 49152 49152 42496 65280 40960 32768 65280 0 65280 0 65280 0 65280 0 32768 0 32768 0 32768 0 49152 49152 42496 65280 40960 32768 65280 0 65280 0 65280 0 65280 0 32768 0 32768 0 32768 0 49152 49152 42496 65280 40960 32768 65280 0 65280 0 65280 0 65280 0 32768 0 32768 0 32768 0 49152 49152 42496 65280 40960 32768 65280 0 65280 0 65280 0 65280 0 32768 0 32768 0 32768 0 49152 49152 42496 65280 40960 32768 65280 0 65280 0 65280 0 65280 0 32768 0 32768 0 32768 0 49152 49152 42496 65280 40960 32768 65280 0 65280 0 65280 0 65280 0 32768 0 32768 0 32768 0 49152 49152 42496 65280 40960 32768 65280 0 65280 0 65280 0 65280 0 32768 0 32768 0 32768 0 49152 49152 42496 65280 40960 32768 65280 0 65280 0 65280 0 65280 0 32768 0 32768 0 32768 0 49152 49152 42496 65280 40960 32768 65280 0 65280 0 65280 0 65280 0 32768 0 32768 0 32768 0 49152 49152 42496 65280 40960 32768 65280 0 65280 0 65280 0 65280 0 32768 0 32768 0 32768 65280 40960 32768 65280 0 65280 0 65280 0 65280 0 0 32768 32768 0 0 32768 49152 56320 51712 64256 40960 32768 0 65280 65280 0 0 65280 65280 0 0 32768 32768 0 0 32768 49152 56320 51712 64256 40960 32768 0 65280 65280 0 0 65280 65280 0 0 32768 32768 0 0 32768 49152 56320 51712 64256 40960 32768 0 65280 65280 0 0 65280 65280 0 0 32768 32768 0 0 32768 49152 56320 51712 64256 40960 32768 0 65280 65280 0 0 65280 65280 0 0 32768 32768 0 0 32768 49152 56320 51712 64256 40960 32768 0 65280 65280 0 0 65280 65280 0 0 32768 32768 0 0 32768 49152 56320 51712 64256 40960 32768 0 65280 65280 0 0 65280 65280 0 0 32768 32768 0 0 32768 49152 56320 51712 64256 40960 32768 0 65280 65280 0 0 65280 65280 0 0 32768 32768 0 0 32768 49152 56320 51712 64256 40960 32768 0 65280 65280 0 0 65280 65280 0 0 32768 32768 0 0 32768 49152 56320 51712 64256 40960 32768 0 65280 65280 0 0 65280 65280 0 0 32768 32768 0 0 32768 49152 56320 51712 64256 40960 32768 0 65280 65280 0 0 65280 65280 0 0 32768 32768 0 0 32768 49152 56320 51712 64256 40960 32768 0 65280 65280 0 0 65280 65280 0 0 32768 32768 0 0 32768 49152 56320 51712 64256 40960 32768 0 65280 65280 0 0 65280 65280 0 0 32768 32768 0 0 64256 40960 32768 0 65280 65280 0 0 65280 65280 0 0 0 0 32768 32768 32768 49152 49152 61440 61440 41984 32768 0 0 0 65280 65280 65280 65280 0 0 0 0 32768 32768 32768 49152 49152 61440 61440 41984 32768 0 0 0 65280 65280 65280 65280 0 0 0 0 32768 32768 32768 49152 49152 61440 61440 41984 32768 0 0 0 65280 65280 65280 65280 0 0 0 0 32768 32768 32768 49152 49152 61440 61440 41984 32768 0 0 0 65280 65280 65280 65280 0 0 0 0 32768 32768 32768 49152 49152 61440 61440 41984 32768 0 0 0 65280 65280 65280 65280 0 0 0 0 32768 32768 32768 49152 49152 61440 61440 41984 32768 0 0 0 65280 65280 65280 65280 0 0 0 0 32768 32768 32768 49152 49152 61440 61440 41984 32768 0 0 0 65280 65280 65280 65280 0 0 0 0 32768 32768 32768 49152 49152 61440 61440 41984 32768 0 0 0 65280 65280 65280 65280 0 0 0 0 32768 32768 32768 49152 49152 61440 61440 41984 32768 0 0 0 65280 65280 65280 65280 0 0 0 0 32768 32768 32768 49152 49152 61440 61440 41984 32768 0 0 0 65280 65280 65280 65280 0 0 0 0 32768 32768 32768 49152 49152 61440 61440 41984 32768 0 0 0 65280 65280 65280 65280 0 0 0 0 32768 32768 32768 49152 49152 61440 61440 41984 32768 0 0 0 65280 65280 65280 65280 0 0 0 0 32768 32768 61440 41984 32768 0 0 0 65280 65280 65280 65280>
